3,2
3,1
3,3
10,238
10,252
10,242
10,132
10,114
10,158
10,178
9,7
9,6
9,4
9,2
9,3
8,4
8,15
8,18
8,7
8,2
8,3
188,3
188,2
188,1
188,0
187,4
187,3
187,2
187,1
187,0
186,4
186,3
186,2
186,1
186,0
72,3
72,1
70,4
70,3
70,1
67,3
67,1
66,4
66,3
66,1
65,4
65,3
65,1
62,4
62,3
62,1
56,3
56,1
53,3
53,1
50,4
50,3
50,1
44,3
44,1
20,3
20,2
18,1
20,1
19,3
18,3
19,2
14,1
19,1
12,3
14,3
12,2
13,1
12,1
11,29
11,28
11,27
11,26
13,3
11,25
11,24
11,23
11,22
11,21
11,20
11,19
11,18
11,17
11,16
11,15
11,14
11,13
11,12
11,11
11,10
11,9
11,8
11,7
11,6
11,5
11,4
11,3
11,2
11,1
10,312
10,311
10,310
10,309
10,307
10,305
10,303
10,302
10,301
10,300
10,299
10,298
10,297
10,296
2,2
2,1
10,295
